1,1,119.55,330.69,134.45999999999998,64.30000000000001,1,1,1.0
1,2,208.93,249.34,96.32999999999998,44.16999999999999,1,1,0.0
1,3,553.36,259.21,37.59000000000003,25.840000000000032,1,1,1.0
1,4,732.85,266.26,71.88999999999999,39.47000000000003,1,1,1.0
1,5,0.36,266.63,18.87,16.980000000000018,1,1,0.0
2,1,97.9,334.46,136.60999999999999,64.31,1,1,1.0
2,2,208.93,249.34,96.32999999999998,44.16999999999999,1,1,0.0
2,3,549.58,259.84,37.58999999999992,25.840000000000032,1,1,0.0
2,4,719.64,268.15,73.13,39.47000000000003,1,1,1.0
2,5,0.36,266.63,21.400000000000002,16.980000000000018,1,1,0.0
3,1,72.37,338.24,141.32999999999998,64.30000000000001,1,1,1.0
3,2,208.93,249.34,96.32999999999998,44.16999999999999,1,1,0.0
3,3,549.58,259.84,30.719999999999914,25.840000000000032,1,1,0.0
3,4,706.43,270.03,74.37,39.47000000000003,1,1,1.0
3,5,0.36,266.63,23.94,16.980000000000018,1,1,0.0
4,1,47.84,343.27,143.85999999999999,64.31,1,1,1.0
4,2,208.93,249.34,96.32999999999998,44.16999999999999,1,1,0.0
4,3,549.58,259.84,26.319999999999936,25.840000000000032,1,1,0.0
4,4,691.33,271.92,74.37,39.46999999999997,1,1,1.0
4,5,3.08,266.0,23.939999999999998,23.05000000000001,1,1,0.0
5,1,21.42,345.78,148.88,67.42000000000002,1,1,1.0
5,2,208.93,249.34,96.32999999999998,44.16999999999999,1,1,0.0
5,3,549.58,259.84,20.620000000000005,25.840000000000032,1,1,0.0
5,4,677.49,273.81,76.90999999999997,39.46999999999997,1,1,1.0
5,5,7.78,267.6,23.939999999999998,24.029999999999973,1,1,0.0
6,1,0.0,348.93,148.28,67.42000000000002,1,1,1.0
6,2,208.93,249.34,96.32999999999998,44.16999999999999,1,1,0.0
6,3,549.58,259.84,15.019999999999982,25.840000000000032,1,1,0.0
6,4,662.02,274.33,80.83000000000004,41.83000000000004,1,1,1.0
6,5,12.47,268.8,23.950000000000003,25.420000000000016,1,1,0.0
7,1,0.0,354.55,124.75,67.40999999999997,1,1,1.0
7,2,208.93,249.34,96.32999999999998,44.16999999999999,1,1,0.0
7,3,524.0,259.84,40.60000000000002,25.840000000000032,1,1,0.0
7,4,649.7,275.64,80.82999999999993,46.56,1,1,1.0
7,5,14.12,270.9,23.940000000000005,23.32000000000005,1,1,0.0
8,1,0.0,355.6,99.48,73.0,1,1,1.0
8,2,208.93,249.34,96.32999999999998,44.16999999999999,1,1,0.0
8,3,518.38,260.54,40.60000000000002,25.849999999999966,1,1,0.0
8,4,634.76,276.96,80.82000000000005,46.55000000000001,1,1,1.0
8,5,15.76,271.1,23.950000000000003,23.120000000000005,1,1,0.0
9,1,0.0,355.6,79.8,73.0,1,1,1.0
9,2,208.93,249.34,96.32999999999998,44.16999999999999,1,1,0.0
9,3,513.8,260.54,22.40000000000009,25.849999999999966,1,1,0.0
9,4,621.39,279.58,80.82000000000005,46.55000000000001,1,1,1.0
9,5,17.17,271.6,23.939999999999998,22.620000000000005,1,1,0.0
10,1,0.0,355.6,53.8,73.0,1,1,1.0
10,2,208.93,249.34,96.32999999999998,44.16999999999999,1,1,0.0
10,3,508.54,260.89,26.259999999999934,25.850000000000023,1,1,0.0
10,4,605.66,281.68,80.82000000000005,46.55000000000001,1,1,1.0
10,5,19.99,271.6,23.94,23.089999999999975,1,1,1.0
11,1,0.0,355.6,27.1,73.0,1,1,1.0
11,2,208.93,249.34,96.32999999999998,44.16999999999999,1,1,1.0
11,3,503.62,260.89,30.779999999999973,25.850000000000023,1,1,0.0
11,4,591.24,283.77,82.93999999999994,46.56,1,1,1.0
11,5,21.87,274.4,23.94,21.230000000000018,1,1,1.0
12,2,208.93,249.34,96.32999999999998,44.16999999999999,1,1,1.0
12,3,494.14,260.54,39.56000000000006,25.849999999999966,1,1,0.0
12,4,574.19,285.61,87.40999999999997,46.55000000000001,1,1,0.0
12,5,22.34,274.9,23.94,22.140000000000043,1,1,1.0
13,2,208.93,249.34,96.32999999999998,44.16999999999999,1,1,1.0
13,3,489.23,260.54,39.559999999999945,25.849999999999966,1,1,1.0
13,4,558.2,289.28,87.40999999999997,46.55000000000001,1,1,0.0
13,5,25.63,275.4,23.94,23.52000000000004,1,1,1.0
14,2,208.93,249.34,96.32999999999998,44.16999999999999,1,1,1.0
14,3,482.56,261.95,39.56,25.840000000000032,1,1,1.0
14,4,543.26,290.33,87.39999999999998,46.55000000000001,1,1,0.0
14,5,25.63,276.3,23.94,22.620000000000005,1,1,1.0
15,2,208.93,249.34,96.32999999999998,44.16999999999999,1,1,1.0
15,3,476.24,260.89,39.559999999999945,25.850000000000023,1,1,1.0
15,4,526.48,292.69,89.54999999999995,46.55000000000001,1,1,0.0
15,5,25.63,276.93,23.94,22.620000000000005,1,1,1.0
16,2,208.93,249.34,96.32999999999998,44.16999999999999,1,1,1.0
16,3,469.22,259.49,39.559999999999945,25.839999999999975,1,1,1.0
16,4,510.22,293.72,90.56999999999994,49.45999999999998,1,1,0.0
16,5,25.63,277.55,23.94,22.620000000000005,1,1,1.0
17,2,208.93,249.34,96.32999999999998,44.16999999999999,1,1,1.0
17,3,462.2,259.49,39.56,25.839999999999975,1,1,1.0
17,4,492.92,298.18,92.44999999999999,49.44999999999999,1,1,0.0
17,5,25.63,278.18,23.94,22.620000000000005,1,1,1.0
18,2,208.93,249.34,96.32999999999998,44.16999999999999,1,1,1.0
18,3,455.89,258.79,39.55000000000001,25.839999999999975,1,1,1.0
18,4,472.73,298.97,95.62,49.44999999999999,1,1,0.0
18,5,25.63,278.81,23.94,22.610000000000014,1,1,1.0
19,2,208.93,249.34,96.32999999999998,44.16999999999999,1,1,1.0
19,3,450.27,259.14,39.56,25.840000000000032,1,1,1.0
19,4,459.62,300.76,95.62,52.379999999999995,1,1,0.0
19,5,25.63,279.43,23.94,22.620000000000005,1,1,1.0
20,2,208.93,249.34,96.32999999999998,44.16999999999999,1,1,1.0
20,3,442.9,258.44,39.55000000000001,25.839999999999975,1,1,1.0
20,4,439.96,303.12,95.62000000000006,52.379999999999995,1,1,0.0
20,5,25.63,280.06,23.94,22.620000000000005,1,1,1.0
21,2,208.93,249.34,96.32999999999998,44.16999999999999,1,1,1.0
21,3,437.99,258.79,39.55000000000001,25.839999999999975,1,1,1.0
21,4,423.18,305.74,100.56,56.06,1,1,1.0
21,5,25.16,281.0,23.94,22.620000000000005,1,1,1.0
22,2,208.93,249.34,96.32999999999998,44.16999999999999,1,1,1.0
22,3,432.37,258.44,39.55000000000001,25.839999999999975,1,1,1.0
22,4,405.87,310.72,100.56,56.059999999999945,1,1,1.0
22,5,24.69,281.94,23.94,22.620000000000005,1,1,1.0
23,2,208.93,249.34,96.32999999999998,44.16999999999999,1,1,1.0
23,3,426.4,257.74,39.56,25.839999999999975,1,1,1.0
23,4,387.78,312.56,100.56,56.06,1,1,1.0
23,5,23.28,280.1,23.939999999999998,25.399999999999977,1,1,1.0
24,2,208.93,249.34,96.32999999999998,44.16999999999999,1,1,1.0
24,3,419.38,259.14,39.56,25.840000000000032,1,1,1.0
24,4,367.86,315.18,105.78999999999996,58.420000000000016,1,1,1.0
24,5,21.4,281.51,23.940000000000005,25.400000000000034,1,1,1.0
25,2,208.93,249.34,96.32999999999998,44.16999999999999,1,1,1.0
25,3,413.77,258.44,39.55000000000001,25.839999999999975,1,1,1.0
25,4,350.03,318.59,105.79000000000002,58.420000000000016,1,1,1.0
25,5,20.46,281.98,23.939999999999998,25.399999999999977,1,1,1.0
26,2,208.93,249.34,96.32999999999998,44.16999999999999,1,1,1.0
26,3,407.45,257.03,39.55000000000001,25.850000000000023,1,1,1.0
26,4,329.06,320.95,109.44,60.75,1,1,1.0
26,5,18.11,282.92,23.939999999999998,25.389999999999986,1,1,1.0
27,2,208.93,249.34,96.32999999999998,44.16999999999999,1,1,1.0
27,3,397.62,258.79,39.56,25.839999999999975,1,1,0.0
27,4,307.03,326.46,112.61000000000001,60.75,1,1,1.0
27,5,15.29,284.33,23.939999999999998,25.390000000000043,1,1,1.0
28,2,208.93,249.34,96.32999999999998,44.16999999999999,1,1,1.0
28,3,407.8,256.33,23.399999999999977,25.840000000000032,1,1,0.0
28,4,287.11,328.55,118.38999999999999,60.75,1,1,1.0
28,5,11.53,285.74,23.949999999999996,25.389999999999986,1,1,1.0
29,2,208.93,249.34,96.32999999999998,44.16999999999999,1,1,1.0
29,3,389.5,256.33,41.69999999999999,25.840000000000032,1,1,0.0
29,4,264.56,333.54,119.44,60.73999999999995,1,1,1.0
29,5,10.12,285.74,23.950000000000003,25.389999999999986,1,1,1.0
30,2,208.93,249.34,96.32999999999998,44.16999999999999,1,1,1.0
30,3,379.32,254.22,41.69999999999999,25.849999999999994,1,1,0.0
30,4,243.06,337.73,124.63999999999999,60.75,1,1,1.0
30,5,6.83,286.68,23.950000000000003,25.389999999999986,1,1,1.0
31,2,208.93,249.34,96.32999999999998,44.16999999999999,1,1,1.0
31,3,371.25,251.42,41.69999999999999,25.840000000000003,1,1,0.0
31,4,223.66,342.19,124.64000000000001,60.75,1,1,1.0
31,5,3.08,286.68,23.939999999999998,25.389999999999986,1,1,1.0
32,2,208.93,249.34,96.32999999999998,44.16999999999999,1,1,1.0
32,3,364.93,249.66,41.69999999999999,25.840000000000003,1,1,0.0
32,4,199.54,345.1,127.50000000000003,64.09999999999997,1,1,1.0
32,5,0.26,286.68,23.939999999999998,25.389999999999986,1,1,1.0
33,2,208.93,249.34,96.32999999999998,44.16999999999999,1,1,1.0
33,3,360.72,249.9,41.69999999999999,25.840000000000003,1,1,0.0
33,4,175.15,349.03,130.4,64.10000000000002,1,1,1.0
33,5,0.26,286.68,21.54,25.389999999999986,1,1,1.0
34,2,208.93,249.34,96.32999999999998,44.16999999999999,1,1,1.0
34,3,356.51,250.13,41.69,25.840000000000032,1,1,0.0
34,4,147.62,351.09,137.71999999999997,68.07000000000005,1,1,1.0
34,5,0.0,286.68,18.5,25.389999999999986,1,1,1.0
35,2,208.93,249.34,96.32999999999998,44.16999999999999,1,1,1.0
35,3,352.29,250.36,41.69999999999999,25.849999999999966,1,1,0.0
35,4,126.12,356.59,137.71999999999997,68.08000000000004,1,1,1.0
35,5,0.0,292.32,15.21,25.389999999999986,1,1,1.0
36,2,208.93,249.34,96.32999999999998,44.16999999999999,1,1,1.0
36,3,346.68,250.01,41.69999999999999,25.850000000000023,1,1,0.0
36,4,100.17,360.8,143.52999999999997,69.89999999999998,1,1,1.0
36,5,0.0,294.2,10.51,25.389999999999986,1,1,1.0
37,2,208.93,249.34,96.32999999999998,44.16999999999999,1,1,1.0
37,3,342.47,250.01,41.69,25.850000000000023,1,1,0.0
37,4,71.59,366.83,148.51,69.90000000000003,1,1,1.0
38,2,208.93,249.34,96.32999999999998,44.16999999999999,1,1,1.0
38,3,332.64,252.12,41.69999999999999,25.839999999999975,1,1,0.0
38,4,45.63,368.1,153.77,75.44999999999999,1,1,1.0
39,2,208.93,249.34,96.32999999999998,44.16999999999999,1,1,1.0
39,3,324.21,251.06,41.700000000000045,25.850000000000023,1,1,0.0
39,4,17.06,372.6,159.04,77.5,1,1,1.0
40,2,208.93,249.34,96.32999999999998,44.16999999999999,1,1,1.0
40,3,315.79,251.06,41.69999999999999,25.850000000000023,1,1,0.0
40,4,0.0,378.37,151.98,77.5,1,1,1.0
41,2,208.93,249.34,96.32999999999998,44.16999999999999,1,1,1.0
41,3,311.58,250.01,41.69999999999999,25.840000000000032,1,1,0.0
41,4,0.0,382.83,125.76,77.5,1,1,1.0
42,2,208.93,249.34,96.32999999999998,44.16999999999999,1,1,1.0
42,3,305.96,248.61,41.700000000000045,25.839999999999975,1,1,0.0
42,4,0.0,385.45,98.49,79.03000000000003,1,1,1.0
43,2,208.93,249.34,96.32999999999998,44.16999999999999,1,1,1.0
43,3,297.89,247.55,41.69999999999999,25.849999999999966,1,1,0.0
43,4,0.0,385.71,77.26,79.03000000000003,1,1,1.0
44,2,208.93,249.34,96.32999999999998,44.16999999999999,1,1,1.0
44,3,292.27,247.55,41.700000000000045,25.849999999999966,1,1,0.0
44,4,0.0,390.69,49.47,79.03000000000003,1,1,1.0
45,2,208.93,249.34,96.32999999999998,44.16999999999999,1,1,1.0
45,3,282.8,249.31,41.69,25.839999999999975,1,1,0.0
45,4,0.0,410.4,25.87,64.04000000000002,1,1,1.0
46,2,208.93,249.34,96.32999999999998,44.16999999999999,1,1,1.0
46,3,276.48,249.31,41.69999999999999,25.839999999999975,1,1,0.0
47,2,208.93,249.34,96.32999999999998,44.16999999999999,1,1,1.0
47,3,271.21,248.96,41.700000000000045,25.840000000000003,1,1,0.0
48,2,208.93,249.34,96.32999999999998,44.16999999999999,1,1,1.0
48,3,263.49,248.96,41.69999999999999,25.840000000000003,1,1,0.0
49,2,208.93,249.34,96.32999999999998,44.16999999999999,1,1,1.0
49,3,254.72,248.61,41.690000000000026,25.839999999999975,1,1,0.0
50,2,208.93,249.34,96.32999999999998,44.16999999999999,1,1,1.0
50,3,247.7,247.91,41.69,25.840000000000003,1,1,0.0
51,2,208.93,249.34,96.32999999999998,44.16999999999999,1,1,1.0
51,3,242.08,248.26,41.69999999999996,25.840000000000032,1,1,0.0
51,6,947.79,227.84,12.210000000000036,54.83000000000001,1,1,1.0
52,2,208.93,249.34,96.32999999999998,44.16999999999999,1,1,1.0
52,3,236.46,247.2,41.70000000000002,25.850000000000023,1,1,0.0
52,6,942.9,227.84,17.100000000000023,54.83000000000001,1,1,1.0
53,2,208.93,249.34,96.32999999999998,44.16999999999999,1,1,1.0
53,3,232.6,247.2,41.70000000000002,25.850000000000023,1,1,0.0
53,6,940.05,227.84,19.950000000000045,57.23999999999998,1,1,1.0
54,2,208.93,249.34,96.32999999999998,44.16999999999999,1,1,1.0
54,3,225.93,247.91,41.69999999999999,25.840000000000003,1,1,0.0
54,6,937.2,227.84,22.799999999999955,59.66,1,1,1.0
55,2,208.93,249.34,96.32999999999998,44.16999999999999,1,1,1.0
55,3,219.62,246.15,41.69,25.840000000000003,1,1,0.0
55,6,932.7,227.84,27.299999999999955,61.359999999999985,1,1,1.0
56,2,208.93,249.34,96.32999999999998,44.16999999999999,1,1,1.0
56,3,212.6,245.45,41.69,25.840000000000032,1,1,0.0
56,6,922.5,227.84,37.5,65.35999999999999,1,1,1.0
57,2,208.93,249.34,96.32999999999998,44.16999999999999,1,1,1.0
57,3,204.17,245.45,41.70000000000002,25.840000000000032,1,1,0.0
57,6,919.65,227.84,40.35000000000002,65.35999999999999,1,1,1.0
58,2,208.93,249.34,96.32999999999998,44.16999999999999,1,1,1.0
58,3,197.5,246.15,41.69999999999999,25.840000000000003,1,1,0.0
58,6,916.8,227.84,43.200000000000045,65.35999999999999,1,1,1.0
59,2,208.93,249.34,96.32999999999998,44.16999999999999,1,1,1.0
59,3,187.33,246.5,41.69,25.850000000000023,1,1,0.0
59,6,910.3,227.84,49.700000000000045,65.35999999999999,1,1,1.0
59,7,912.78,237.44,8.019999999999982,27.05000000000001,1,1,0.0
60,2,208.93,249.34,96.32999999999998,44.16999999999999,1,1,1.0
60,3,180.66,246.15,41.69,25.840000000000003,1,1,0.0
60,6,905.4,227.84,54.60000000000002,68.55999999999997,1,1,1.0
60,7,909.9,237.44,6.800000000000068,29.45999999999998,1,1,0.0
61,2,208.93,249.34,96.32999999999998,44.16999999999999,1,1,1.0
61,3,173.29,244.4,41.69,25.840000000000003,1,1,0.0
61,6,902.2,227.84,57.799999999999955,71.46000000000001,1,1,1.0
61,7,903.08,238.49,10.120000000000005,29.45999999999998,1,1,0.0
62,2,208.93,249.34,96.32999999999998,44.16999999999999,1,1,1.0
62,3,165.56,243.34,41.69999999999999,25.849999999999994,1,1,0.0
62,6,895.7,227.84,64.29999999999995,71.46000000000001,1,1,1.0
62,7,898.1,240.33,10.120000000000005,29.44999999999996,1,1,0.0
63,2,208.93,249.34,96.32999999999998,44.16999999999999,1,1,1.0
63,3,159.25,245.45,41.69,22.350000000000023,1,1,0.0
63,6,891.65,227.84,68.35000000000002,74.51000000000002,1,1,1.0
63,7,892.6,241.64,10.110000000000014,29.44999999999999,1,1,0.0
64,2,208.93,249.34,96.32999999999998,44.16999999999999,1,1,1.0
64,3,154.33,244.4,41.69999999999999,19.200000000000017,1,1,0.0
64,6,887.6,227.84,72.39999999999998,77.55999999999997,1,1,1.0
64,7,885.52,241.9,10.110000000000014,29.460000000000008,1,1,0.0
65,2,208.93,249.34,96.32999999999998,44.16999999999999,1,1,1.0
65,3,147.66,245.8,41.70000000000002,17.80000000000001,1,1,0.0
65,6,877.8,227.84,82.20000000000005,77.55999999999997,1,1,1.0
65,7,878.96,242.42,10.120000000000005,29.460000000000008,1,1,0.0
66,2,208.93,249.34,96.32999999999998,44.16999999999999,1,1,1.0
66,3,142.05,244.75,33.94999999999999,15.649999999999977,1,1,0.0
66,6,873.6,227.84,86.39999999999998,77.96000000000001,1,1,1.0
66,7,874.24,243.73,10.120000000000005,29.460000000000008,1,1,0.0
67,2,208.93,249.34,96.32999999999998,44.16999999999999,1,1,1.0
67,3,135.03,244.05,33.94999999999999,15.649999999999977,1,1,0.0
67,6,865.5,227.84,94.5,80.76000000000002,1,1,0.0
67,7,866.12,245.57,10.110000000000014,29.45999999999998,1,1,0.0
68,2,208.93,249.34,96.32999999999998,44.16999999999999,1,1,1.0
68,3,130.11,244.05,33.95999999999998,15.649999999999977,1,1,0.0
68,6,857.8,227.84,102.20000000000005,80.76000000000002,1,1,0.0
68,7,859.3,247.67,10.110000000000014,29.450000000000017,1,1,0.0
69,2,208.93,249.34,96.32999999999998,44.16999999999999,1,1,1.0
69,3,122.74,242.99,33.95,15.659999999999968,1,1,0.0
69,6,853.9,227.84,106.10000000000002,80.76000000000002,1,1,0.0
69,7,853.79,247.41,10.120000000000005,29.450000000000017,1,1,0.0
70,2,208.93,249.34,96.32999999999998,44.16999999999999,1,1,1.0
70,3,115.02,241.94,33.95,15.649999999999977,1,1,0.0
70,6,847.6,227.84,112.39999999999998,80.76000000000002,1,1,0.0
70,7,846.98,248.19,10.110000000000014,29.45999999999998,1,1,0.0
71,2,208.93,249.34,96.32999999999998,44.16999999999999,1,1,1.0
71,3,109.05,241.94,33.959999999999994,15.649999999999977,1,1,0.0
71,6,838.8,227.84,121.20000000000005,86.35999999999999,1,1,0.0
71,7,841.21,249.76,10.110000000000014,29.460000000000036,1,1,0.0
72,2,208.93,249.34,96.32999999999998,44.16999999999999,1,1,1.0
72,3,102.38,241.24,33.96000000000001,15.649999999999977,1,1,0.0
72,6,831.4,227.84,128.60000000000002,86.35999999999999,1,1,0.0
72,7,834.13,251.34,10.110000000000014,29.460000000000008,1,1,0.0
73,2,208.93,249.34,96.32999999999998,44.16999999999999,1,1,1.0
73,3,96.42,240.89,33.95,15.650000000000034,1,1,0.0
73,6,822.3,227.84,137.70000000000005,87.76000000000002,1,1,0.0
73,7,824.69,252.65,13.509999999999991,29.460000000000008,1,1,0.0
74,2,208.93,249.34,96.32999999999998,44.16999999999999,1,1,1.0
74,3,90.1,241.24,33.95,15.649999999999977,1,1,0.0
74,6,814.25,230.65,145.75,87.76000000000002,1,1,0.0
74,7,817.35,252.12,13.509999999999991,29.45999999999998,1,1,0.0
75,2,208.93,249.34,96.32999999999998,44.16999999999999,1,1,1.0
75,3,83.08,240.89,33.95,15.650000000000034,1,1,0.0
75,6,807.6,230.65,152.39999999999998,87.76000000000002,1,1,0.0
75,7,808.7,253.7,13.509999999999991,29.44999999999999,1,1,0.0
76,2,208.93,249.34,96.32999999999998,44.16999999999999,1,1,1.0
76,3,76.06,239.48,33.95,15.659999999999997,1,1,0.0
76,6,807.25,233.11,152.39999999999998,87.75,1,1,0.0
76,7,798.21,256.84,18.49000000000001,29.460000000000036,1,1,0.0
77,2,208.93,249.34,96.32999999999998,44.16999999999999,1,1,1.0
77,3,69.74,238.78,33.96000000000001,15.650000000000006,1,1,0.0
77,6,788.6,233.11,171.04999999999995,87.75,1,1,0.0
77,7,790.34,257.11,18.49000000000001,29.44999999999999,1,1,0.0
78,2,208.93,249.34,96.32999999999998,44.16999999999999,1,1,1.0
78,3,61.32,237.38,33.949999999999996,15.650000000000006,1,1,0.0
78,6,783.2,232.05,176.44999999999993,95.84999999999997,1,1,0.0
78,7,780.9,258.94,19.800000000000068,29.45999999999998,1,1,0.0
79,2,208.93,249.34,96.32999999999998,44.16999999999999,1,1,1.0
79,3,53.25,237.38,33.95,15.650000000000006,1,1,0.0
79,6,776.7,234.49,178.89,95.84999999999997,1,1,0.0
79,7,772.25,259.2,21.350000000000023,29.460000000000036,1,1,0.0
79,8,952.16,231.64,7.840000000000032,37.910000000000025,1,1,0.0
80,2,208.93,249.34,96.32999999999998,44.16999999999999,1,1,1.0
80,3,46.22,236.68,33.96000000000001,15.650000000000006,1,1,0.0
80,6,770.2,234.49,178.89999999999998,95.84999999999997,1,1,0.0
80,7,761.76,260.25,21.350000000000023,29.45999999999998,1,1,0.0
80,8,947.9,231.64,12.100000000000023,37.910000000000025,1,1,0.0
81,2,208.93,249.34,96.32999999999998,44.16999999999999,1,1,1.0
81,3,40.96,234.57,33.949999999999996,15.650000000000006,1,1,0.0
81,6,759.64,234.9,182.96000000000004,95.84,1,1,0.0
81,7,752.33,261.3,23.16999999999996,29.45999999999998,1,1,0.0
81,8,942.6,233.75,8.629999999999995,37.910000000000025,1,1,0.0
82,2,208.93,249.34,96.32999999999998,44.16999999999999,1,1,1.0
82,3,34.64,234.92,33.95,15.650000000000006,1,1,0.0
82,6,751.5,234.9,183.79999999999995,95.84,1,1,0.0
82,7,741.58,260.5,26.620000000000005,31.569999999999993,1,1,0.0
82,8,935.23,234.1,8.620000000000005,37.91,1,1,0.0
83,2,208.93,249.34,96.32999999999998,44.16999999999999,1,1,1.0
83,3,26.57,233.17,33.95,15.650000000000006,1,1,0.0
83,6,743.4,234.9,186.60000000000002,103.20000000000002,1,1,0.0
83,7,732.66,260.5,26.629999999999995,31.569999999999993,1,1,0.0
83,8,929.61,236.21,8.629999999999995,37.900000000000006,1,1,0.0
84,2,208.93,249.34,96.32999999999998,44.16999999999999,1,1,1.0
84,3,19.55,231.76,33.95,15.650000000000006,1,1,0.0
84,6,732.44,238.15,192.65999999999997,103.20000000000002,1,1,0.0
84,7,720.08,260.76,26.620000000000005,31.569999999999993,1,1,0.0
84,8,924.7,237.61,10.699999999999932,37.90999999999997,1,1,0.0
85,2,208.93,249.34,96.32999999999998,44.16999999999999,1,1,1.0
85,3,13.23,231.06,33.95,15.650000000000006,1,1,0.0
85,6,724.31,238.96,197.99,103.20000000000002,1,1,0.0
85,7,710.07,262.34,30.339999999999918,31.57000000000005,1,1,0.0
85,8,914.87,238.31,10.700000000000045,37.910000000000025,1,1,0.0
86,2,208.93,249.34,96.32999999999998,44.16999999999999,1,1,1.0
86,3,9.02,230.36,33.95,15.649999999999977,1,1,0.0
86,6,715.38,236.93,197.99,103.19999999999999,1,1,0.0
86,7,698.52,262.86,32.710000000000036,31.569999999999993,1,1,0.0
86,8,874.9,238.66,48.210000000000036,37.91,1,1,0.0
87,2,208.93,249.34,96.32999999999998,44.16999999999999,1,1,1.0
87,3,6.56,231.06,33.949999999999996,15.650000000000006,1,1,0.0
87,6,704.82,239.77,201.66999999999996,103.21000000000001,1,1,0.0
87,7,689.35,263.91,32.69999999999993,31.569999999999993,1,1,0.0
87,8,868.58,238.31,48.219999999999914,37.910000000000025,1,1,0.0
88,2,208.93,249.34,96.32999999999998,44.16999999999999,1,1,1.0
88,3,0.0,232.82,24.72,15.650000000000006,1,1,0.0
88,6,696.29,242.21,206.1500000000001,103.20000000000002,1,1,0.0
88,7,675.98,264.7,32.69999999999993,31.569999999999993,1,1,0.0
88,8,859.81,241.82,48.210000000000036,37.910000000000025,1,1,0.0
89,2,208.93,249.34,96.32999999999998,44.16999999999999,1,1,1.0
89,3,0.0,231.41,17.0,15.650000000000006,1,1,0.0
89,6,687.35,241.8,206.14999999999998,108.11000000000001,1,1,0.0
89,7,663.65,263.91,39.75,31.569999999999993,1,1,0.0
89,8,854.54,240.77,48.22000000000003,37.91,1,1,0.0
90,2,208.93,249.34,96.32999999999998,44.16999999999999,1,1,1.0
90,6,679.23,242.21,206.14999999999998,108.1,1,1,0.0
90,7,652.1,263.91,51.299999999999955,31.569999999999993,1,1,0.0
90,8,847.87,242.53,48.22000000000003,37.900000000000006,1,1,0.0
91,2,208.93,249.34,96.32999999999998,44.16999999999999,1,1,1.0
91,6,671.52,245.46,206.14999999999998,108.1,1,1,0.0
91,7,640.04,265.48,66.46000000000004,31.569999999999993,1,1,0.0
91,8,841.56,241.47,48.210000000000036,37.91,1,1,0.0
92,2,208.93,249.34,96.32999999999998,44.16999999999999,1,1,1.0
92,6,665.83,247.08,206.14999999999998,108.10999999999999,1,1,0.0
92,7,626.67,266.53,66.46000000000004,31.57000000000005,1,1,0.0
92,8,834.89,245.33,48.210000000000036,37.91,1,1,0.0
93,2,208.93,249.34,96.32999999999998,44.16999999999999,1,1,1.0
93,6,652.02,250.33,213.08000000000004,108.1,1,1,0.0
93,7,615.92,266.53,71.68000000000006,31.57000000000005,1,1,0.0
93,8,825.76,245.33,48.22000000000003,37.91,1,1,0.0
94,2,208.93,249.34,96.32999999999998,44.16999999999999,1,1,1.0
94,6,642.28,253.17,213.07000000000005,108.10999999999999,1,1,0.0
94,7,603.07,266.79,71.67999999999995,31.569999999999993,1,1,0.0
94,8,816.99,244.98,48.210000000000036,37.91,1,1,0.0
95,2,208.93,249.34,96.32999999999998,44.16999999999999,1,1,1.0
95,6,634.97,247.5,216.73000000000002,115.39999999999998,1,1,0.0
95,7,590.49,266.5,76.40999999999997,33.69999999999999,1,1,0.0
95,8,810.67,247.09,48.210000000000036,37.91,1,1,0.0
96,2,208.93,249.34,96.32999999999998,44.16999999999999,1,1,0.0
96,6,608.57,248.3,233.42999999999995,122.69999999999999,1,1,0.0
96,7,577.64,266.76,80.36000000000001,33.69999999999999,1,1,0.0
96,8,801.89,246.04,48.22000000000003,37.900000000000006,1,1,0.0
97,2,208.93,249.34,96.32999999999998,44.16999999999999,1,1,0.0
97,6,608.57,251.1,226.13,119.9,1,1,0.0
97,7,564.79,268.07,80.36000000000001,33.69999999999999,1,1,0.0
97,8,781.5,247.79,62.99000000000001,37.91,1,1,0.0
98,2,208.93,249.34,96.32999999999998,44.16999999999999,1,1,0.0
98,6,582.58,253.9,247.2199999999999,122.78,1,1,0.0
98,7,551.16,269.65,87.74000000000001,33.700000000000045,1,1,0.0
98,8,769.22,248.84,62.99000000000001,37.91,1,1,0.0
99,2,208.93,249.34,96.32999999999998,44.16999999999999,1,1,0.0
99,6,572.43,252.3,247.22000000000003,127.63,1,1,0.0
99,7,541.98,269.91,87.74000000000001,33.69999999999999,1,1,0.0
99,8,763.6,248.14,62.99000000000001,37.910000000000025,1,1,0.0
100,2,208.93,249.34,96.32999999999998,44.16999999999999,1,1,0.0
100,6,553.34,255.1,257.36,128.48999999999998,1,1,0.0
100,7,525.99,269.91,87.74000000000001,33.69999999999999,1,1,0.0
100,8,754.48,249.55,62.99000000000001,37.89999999999998,1,1,0.0
101,2,208.93,249.34,96.32999999999998,44.16999999999999,1,1,0.0
101,6,543.59,258.3,263.90999999999997,126.50999999999999,1,1,0.0
101,7,510.78,270.43,95.62,33.69999999999999,1,1,0.0
101,8,739.38,250.25,63.0,14.850000000000023,1,1,0.0
102,2,208.93,249.34,96.32999999999998,44.16999999999999,1,1,0.0
102,6,530.6,259.11,263.9,126.50999999999999,1,1,0.0
102,7,496.36,270.43,100.03999999999996,33.69999999999999,1,1,0.0
102,8,733.42,249.2,62.99000000000001,18.80000000000001,1,1,0.0
103,2,208.93,249.34,96.32999999999998,44.16999999999999,1,1,0.0
103,6,519.63,259.9,265.57000000000005,131.40000000000003,1,1,0.0
103,7,484.04,272.01,100.04000000000002,33.69999999999999,1,1,0.0
103,8,723.24,250.95,62.99000000000001,15.449999999999989,1,1,0.0
103,9,952.86,233.05,7.139999999999986,29.129999999999995,1,1,1.0
104,2,208.93,249.34,96.32999999999998,44.16999999999999,1,1,0.0
104,6,502.02,261.2,278.78,133.88,1,1,0.0
104,7,474.08,273.84,100.03000000000003,33.700000000000045,1,1,0.0
104,8,707.44,251.3,69.25999999999999,16.099999999999966,1,1,0.0
104,9,950.0,233.05,10.0,32.44999999999999,1,1,1.0
105,2,208.93,249.34,96.32999999999998,44.16999999999999,1,1,0.0
105,6,490.07,261.83,278.78000000000003,133.88,1,1,0.0
105,7,457.82,275.15,100.04000000000002,33.700000000000045,1,1,0.0
105,8,695.7,251.77,69.25,19.42999999999998,1,1,0.0
105,9,945.8,226.5,14.200000000000045,39.0,1,1,1.0
106,2,208.93,249.34,96.32999999999998,44.16999999999999,1,1,0.0
106,6,473.71,263.7,285.69,136.41000000000003,1,1,0.0
106,7,442.09,275.15,100.04000000000002,33.700000000000045,1,1,0.0
106,8,684.89,254.12,69.25999999999999,16.680000000000007,1,1,0.0
106,9,943.9,211.5,16.100000000000023,57.80000000000001,1,1,1.0
107,2,208.93,249.34,96.32999999999998,44.16999999999999,1,1,0.0
107,6,459.25,265.6,294.45000000000005,140.16999999999996,1,1,0.0
107,7,430.55,274.89,100.04000000000002,33.69999999999999,1,1,0.0
107,8,657.62,253.18,87.13,16.420000000000016,1,1,0.0
107,9,939.2,211.5,20.799999999999955,57.80000000000001,1,1,1.0
108,2,208.93,249.34,96.32999999999998,44.16999999999999,1,1,0.0
108,6,444.15,266.9,297.55000000000007,141.39000000000004,1,1,0.0
108,7,413.78,275.94,100.02999999999997,33.69999999999999,1,1,0.0
108,8,648.22,255.53,87.13,17.57000000000002,1,1,0.0
108,9,935.9,211.5,24.100000000000023,57.80000000000001,1,1,1.0
109,2,208.93,249.34,96.32999999999998,44.16999999999999,1,1,0.0
109,6,428.42,270.7,305.08,144.51,1,1,0.0
109,7,401.45,275.41,100.04000000000002,33.69999999999999,1,1,0.0
109,8,635.07,255.53,87.12,17.869999999999976,1,1,0.0
109,9,929.3,211.5,30.700000000000045,57.80000000000001,1,1,1.0
110,2,208.93,249.34,96.32999999999998,44.16999999999999,1,1,0.0
110,6,412.07,270.7,309.43,157.72000000000003,1,1,0.0
110,7,385.98,277.25,109.71999999999997,33.69999999999999,1,1,0.0
110,8,621.44,255.53,87.13,17.57000000000002,1,1,0.0
110,9,924.1,211.5,35.89999999999998,57.80000000000001,1,1,1.0
111,2,208.93,249.34,96.32999999999998,44.16999999999999,1,1,0.0
111,6,396.34,272.0,318.26000000000005,160.19,1,1,0.0
111,7,368.42,276.99,109.70999999999998,38.70999999999998,1,1,0.0
111,8,604.5,256.0,93.73000000000002,20.0,1,1,0.0
111,9,919.75,211.5,40.25,57.80000000000001,1,1,1.0
112,2,208.93,249.34,96.32999999999998,44.16999999999999,1,1,0.0
112,6,377.47,273.3,326.42999999999995,158.3,1,1,0.0
112,7,356.62,276.2,109.71999999999997,38.710000000000036,1,1,0.0
112,8,593.63,257.63,93.72000000000003,19.970000000000027,1,1,0.0
112,9,915.4,211.5,44.60000000000002,57.80000000000001,1,1,1.0
113,2,208.93,249.34,96.32999999999998,44.16999999999999,1,1,0.0
113,6,357.34,276.4,333.36000000000007,161.5,1,1,0.0
113,7,342.99,276.46,109.70999999999998,38.72000000000003,1,1,0.0
113,8,581.12,258.72,93.73000000000002,23.079999999999984,1,1,0.0
113,9,911.3,212.41,48.700000000000045,57.79999999999998,1,1,1.0
114,2,208.93,249.34,96.32999999999998,44.16999999999999,1,1,0.0
114,6,339.73,274.5,345.97,167.8,1,1,0.0
114,7,330.14,276.46,109.72000000000003,38.72000000000003,1,1,0.0
114,8,566.44,257.09,97.95999999999992,24.510000000000048,1,1,0.0
114,9,907.2,213.32,52.799999999999955,57.80000000000001,1,1,1.0
115,2,208.93,249.34,96.32999999999998,44.16999999999999,1,1,0.0
115,6,320.86,279.53,345.97,167.8,1,1,0.0
115,7,314.15,279.08,109.71000000000004,38.72000000000003,1,1,0.0
115,8,554.48,258.72,93.73000000000002,24.279999999999973,1,1,0.0
115,9,902.3,213.32,57.700000000000045,57.80000000000001,1,1,1.0
116,2,208.93,249.34,96.32999999999998,44.16999999999999,1,1,0.0
116,6,300.1,283.31,356.03999999999996,167.8,1,1,0.0
116,7,298.68,279.34,109.70999999999998,38.72000000000003,1,1,0.0
116,8,543.61,258.18,93.72000000000003,29.420000000000016,1,1,0.0
116,9,899.0,213.32,61.0,57.80000000000001,1,1,1.0
117,2,208.93,249.34,96.32999999999998,44.16999999999999,1,1,0.0
117,6,278.7,280.79,368.00000000000006,176.01,1,1,0.0
117,7,284.26,283.28,109.71000000000004,38.710000000000036,1,1,0.0
117,8,519.9,258.72,106.20000000000005,32.97999999999996,1,1,0.0
117,9,896.3,213.32,63.700000000000045,57.80000000000001,1,1,1.0
118,2,208.93,249.34,96.32999999999998,44.16999999999999,1,1,0.0
118,6,260.46,283.93,373.64000000000004,176.01,1,1,0.0
118,7,268.79,283.54,109.70999999999998,38.70999999999998,1,1,0.0
118,8,502.35,261.43,111.10000000000002,35.80000000000001,1,1,0.0
118,9,886.6,216.35,73.39999999999998,57.79999999999998,1,1,1.0
119,2,208.93,249.34,96.32999999999998,44.16999999999999,1,1,0.0
119,6,237.8,287.08,383.71999999999997,182.32,1,1,0.0
119,7,252.27,283.8,109.72,38.71999999999997,1,1,0.0
119,8,488.7,262.64,111.09999999999997,35.80000000000001,1,1,0.0
119,9,880.5,216.35,79.5,57.79999999999998,1,1,1.0
120,2,208.93,249.34,96.32999999999998,44.16999999999999,1,1,0.0
120,6,215.2,285.82,397.51000000000005,185.48000000000002,1,1,0.0
120,7,236.28,284.85,116.02000000000001,38.70999999999998,1,1,0.0
120,8,475.04,263.86,111.09999999999997,35.80000000000001,1,1,0.0
120,9,875.6,216.66,84.39999999999998,57.79999999999998,1,1,1.0
121,2,208.93,249.34,96.32999999999998,44.16999999999999,1,1,0.0
121,6,189.4,290.22,410.73,187.38,1,1,0.0
121,7,218.45,286.95,116.02000000000004,38.710000000000036,1,1,0.0
121,8,464.12,264.16,111.10000000000002,35.799999999999955,1,1,0.0
121,9,867.11,217.87,84.39999999999998,57.80000000000001,1,1,1.0
122,2,208.93,249.34,96.32999999999998,44.16999999999999,1,1,0.0
122,6,173.0,294.0,412.65999999999997,187.37,1,1,0.0
122,7,201.41,287.73,118.69000000000003,38.71999999999997,1,1,0.0
122,8,448.05,264.46,111.09999999999997,35.80000000000001,1,1,0.0
122,9,858.33,215.45,89.2299999999999,65.07,1,1,1.0
123,2,208.93,249.34,96.32999999999998,44.16999999999999,1,1,0.0
123,6,144.7,297.77,427.75000000000006,194.93,1,1,0.0
123,7,182.29,286.22,123.21000000000001,44.47999999999996,1,1,0.0
123,8,435.0,266.59,111.10000000000002,35.80000000000001,1,1,0.0
123,9,853.48,215.75,89.23000000000002,65.07999999999998,1,1,1.0
124,2,208.93,249.34,96.32999999999998,44.16999999999999,1,1,0.0
124,6,113.4,294.86,447.40999999999997,205.83999999999997,1,1,0.0
124,7,165.91,286.82,123.21000000000001,44.49000000000001,1,1,0.0
124,8,418.32,264.77,111.09999999999997,42.73000000000002,1,1,0.0
124,9,848.02,217.27,89.23000000000002,65.08000000000001,1,1,1.0
125,2,208.93,249.34,96.32999999999998,44.16999999999999,1,1,0.0
125,6,97.39,302.87,447.40999999999997,205.83999999999997,1,1,0.0
125,7,151.66,288.04,123.20000000000002,44.47999999999996,1,1,0.0
125,8,406.79,265.98,111.09999999999997,42.72999999999996,1,1,0.0
125,9,843.16,217.27,89.23000000000002,65.08000000000001,1,1,1.0
126,2,208.93,249.34,96.32999999999998,44.16999999999999,1,1,0.0
126,6,61.0,297.77,472.15,218.23000000000002,1,1,0.0
126,7,132.24,290.16,123.20999999999998,44.47999999999996,1,1,0.0
126,8,392.23,267.8,111.09999999999997,42.72999999999996,1,1,0.0
126,9,841.65,217.87,89.23000000000002,65.07999999999998,1,1,1.0
127,2,208.93,249.34,96.32999999999998,44.16999999999999,1,1,0.0
127,6,38.44,302.1,476.56,222.63,1,1,0.0
127,7,115.86,292.59,123.2,44.48000000000002,1,1,0.0
127,8,378.27,268.1,111.10000000000002,42.73999999999995,1,1,0.0
127,9,834.06,218.78,89.23000000000002,65.08000000000001,1,1,1.0
128,2,208.93,249.34,96.32999999999998,44.16999999999999,1,1,0.0
128,6,9.33,308.65,494.75,222.63,1,1,0.0
128,7,99.48,292.29,123.2,44.47999999999996,1,1,0.0
128,8,364.02,266.6,114.48000000000002,46.65999999999997,1,1,0.0
128,9,829.51,218.78,89.23000000000002,65.08000000000001,1,1,1.0
129,2,208.93,249.34,96.32999999999998,44.16999999999999,1,1,0.0
129,6,0.0,310.11,486.62,222.63,1,1,0.0
129,7,82.79,293.8,123.21,44.47999999999996,1,1,0.0
129,8,349.15,269.94,114.48000000000002,46.660000000000025,1,1,0.0
129,9,821.32,219.39,89.2299999999999,65.08000000000004,1,1,1.0
130,2,208.93,249.34,96.32999999999998,44.16999999999999,1,1,0.0
130,6,0.0,316.66,473.52,222.62999999999994,1,1,1.0
130,7,60.04,295.93,131.06,44.48000000000002,1,1,1.0
130,8,335.5,270.85,114.48000000000002,46.65999999999997,1,1,0.0
130,9,815.86,219.09,89.23000000000002,65.08000000000001,1,1,1.0
131,2,208.93,249.34,96.32999999999998,44.16999999999999,1,1,0.0
131,6,0.0,316.66,459.69,222.62999999999994,1,1,1.0
131,7,36.99,298.66,140.81,44.47999999999996,1,1,1.0
131,8,317.3,270.5,118.12,49.44,1,1,0.0
131,9,807.03,216.36,95.33000000000004,70.81,1,1,1.0
132,2,208.93,249.34,96.32999999999998,44.16999999999999,1,1,0.0
132,6,0.0,318.11,442.95,221.89,1,1,1.0
132,7,15.75,300.48,140.82,44.47999999999996,1,1,1.0
132,8,299.4,271.11,125.10000000000002,49.43000000000001,1,1,0.0
132,9,801.87,217.57,95.33000000000004,70.81,1,1,1.0
133,2,208.93,249.34,96.32999999999998,44.16999999999999,1,1,0.0
133,6,0.0,322.48,424.75,217.51999999999998,1,1,1.0
133,7,2.71,301.39,140.81,49.610000000000014,1,1,1.0
133,8,284.84,272.32,125.10000000000002,49.44,1,1,0.0
133,9,797.02,219.39,95.33000000000004,70.81,1,1,1.0
134,2,208.93,249.34,96.32999999999998,44.16999999999999,1,1,0.0
134,6,0.0,324.83,406.43,215.17000000000002,1,1,1.0
134,7,0.0,302.3,119.56,49.610000000000014,1,1,1.0
134,8,267.25,272.62,125.10000000000002,49.44,1,1,0.0
134,9,788.83,218.78,95.32999999999993,70.80999999999997,1,1,1.0
134,10,677.2,524.6,99.38999999999999,15.399999999999977,1,1,1.0
135,2,208.93,249.34,96.32999999999998,44.16999999999999,1,1,0.0
135,6,0.0,326.71,387.63,213.29000000000002,1,1,1.0
135,7,0.0,301.99,101.66,49.620000000000005,1,1,1.0
135,8,251.77,274.75,125.1,49.43000000000001,1,1,0.0
135,9,782.16,220.3,95.33000000000004,70.81,1,1,1.0
135,10,677.2,519.6,121.39999999999998,20.399999999999977,1,1,1.0
136,2,208.93,249.34,96.32999999999998,44.16999999999999,1,1,0.0
136,6,0.0,330.47,368.37,209.52999999999997,1,1,1.0
136,7,0.0,304.72,82.85,49.61999999999995,1,1,1.0
136,8,237.82,277.48,125.10000000000002,49.43000000000001,1,1,0.0
136,9,776.39,220.6,95.33000000000004,70.81000000000003,1,1,1.0
136,10,677.2,515.2,137.79999999999995,24.799999999999955,1,1,1.0
137,2,208.93,249.34,96.32999999999998,44.16999999999999,1,1,0.0
137,6,0.0,335.17,351.92,204.82999999999998,1,1,1.0
137,7,0.0,305.03,64.95,49.610000000000014,1,1,1.0
137,8,223.87,277.17,125.10000000000002,49.44,1,1,0.0
137,9,770.63,220.6,95.33000000000004,70.81000000000003,1,1,1.0
137,10,695.44,510.8,137.79999999999995,29.19999999999999,1,1,1.0
138,2,208.93,249.34,96.32999999999998,44.16999999999999,1,1,0.0
138,6,0.0,338.92,333.13,201.07999999999998,1,1,1.0
138,7,0.0,307.45,46.75,49.620000000000005,1,1,1.0
138,8,207.18,278.08,125.09999999999997,49.44,1,1,0.0
138,9,760.92,220.6,100.18000000000006,70.81000000000003,1,1,1.0
138,10,706.77,498.83,137.80000000000007,41.170000000000016,1,1,1.0
139,2,208.93,249.34,96.32999999999998,44.16999999999999,1,1,0.0
139,6,0.0,343.15,310.57,196.85000000000002,1,1,1.0
139,7,0.0,308.97,28.25,49.60999999999996,1,1,1.0
139,8,187.77,277.78,125.1,49.440000000000055,1,1,0.0
139,9,753.95,220.3,100.17999999999995,70.81,1,1,1.0
139,10,706.77,496.3,151.63,43.69999999999999,1,1,1.0
140,2,208.93,249.34,96.32999999999998,44.16999999999999,1,1,0.0
140,6,0.0,344.56,292.72,195.44,1,1,1.0
140,7,0.0,308.36,7.92,49.620000000000005,1,1,1.0
140,8,172.6,278.99,125.1,49.44,1,1,0.0
140,9,744.8,221.51,102.65000000000009,72.59000000000003,1,1,1.0
140,10,718.72,493.2,151.63,46.80000000000001,1,1,1.0
141,2,208.93,249.34,96.32999999999998,44.16999999999999,1,1,0.0
141,6,0.0,348.79,271.57,191.20999999999998,1,1,1.0
141,8,150.8,280.21,133.84999999999997,58.49000000000001,1,1,0.0
141,9,738.13,221.51,102.64999999999998,72.59000000000003,1,1,1.0
141,10,718.72,486.3,166.07999999999993,53.69999999999999,1,1,1.0
142,2,208.93,249.34,96.32999999999998,44.16999999999999,1,1,0.0
142,6,0.0,354.43,249.02,185.57,1,1,1.0
142,8,132.9,280.21,133.85999999999999,58.49000000000001,1,1,0.0
142,9,731.45,223.33,102.65999999999997,72.59,1,1,1.0
142,10,730.0,476.2,167.39999999999998,63.80000000000001,1,1,1.0
143,2,208.93,249.34,96.32999999999998,44.16999999999999,1,1,0.0
143,6,0.0,355.37,225.99,184.63,1,1,1.0
143,8,118.34,280.51,133.85999999999999,58.49000000000001,1,1,0.0
143,9,723.26,224.55,102.64999999999998,72.57999999999998,1,1,1.0
143,10,739.12,472.43,167.39999999999998,67.57,1,1,1.0
144,2,208.93,249.34,96.32999999999998,44.16999999999999,1,1,0.0
144,6,0.0,361.01,204.85,178.99,1,1,1.0
144,8,102.26,282.94,133.86,58.49000000000001,1,1,0.0
144,9,716.0,225.76,104.75999999999999,72.59000000000003,1,1,1.0
144,10,748.24,468.65,167.39999999999998,71.35000000000002,1,1,1.0
145,2,208.93,249.34,96.32999999999998,44.16999999999999,1,1,0.0
145,6,0.0,367.12,178.54,172.88,1,1,1.0
145,8,83.76,284.15,133.85000000000002,58.49000000000001,1,1,0.0
145,9,708.72,226.07,104.75999999999999,72.57999999999998,1,1,1.0
145,10,762.71,462.36,149.78999999999996,77.63999999999999,1,1,1.0
146,2,208.93,249.34,96.32999999999998,44.16999999999999,1,1,1.0
146,6,0.0,369.0,153.63,171.0,1,1,1.0
146,8,64.65,282.64,136.25,58.49000000000001,1,1,0.0
146,9,701.74,227.28,104.75999999999999,72.58000000000001,1,1,1.0
146,10,771.52,457.33,149.78999999999996,82.67000000000002,1,1,1.0
147,2,208.93,249.34,96.32999999999998,44.16999999999999,1,1,1.0
147,6,0.0,375.58,128.73,164.42000000000002,1,1,1.0
147,8,45.84,284.76,144.46,58.49000000000001,1,1,1.0
147,9,692.34,226.37,104.75999999999999,72.57999999999998,1,1,1.0
147,10,779.07,453.6,149.78999999999996,86.39999999999998,1,1,1.0
148,2,208.93,249.34,96.32999999999998,44.16999999999999,1,1,1.0
148,6,0.0,379.34,101.95,160.66000000000003,1,1,1.0
148,8,27.03,289.61,144.46,58.49000000000001,1,1,1.0
148,9,677.2,224.25,116.25999999999999,76.55000000000001,1,1,1.0
148,10,781.58,444.2,149.78999999999996,95.80000000000001,1,1,1.0
149,2,208.93,249.34,96.32999999999998,44.16999999999999,1,1,1.0
149,6,0.0,388.73,72.81,151.26999999999998,1,1,1.0
149,8,8.83,289.61,144.45999999999998,58.49000000000001,1,1,1.0
149,9,669.19,224.97,116.25999999999999,76.55999999999997,1,1,1.0
149,10,796.05,441.06,149.79000000000008,95.80000000000001,1,1,1.0
150,2,208.93,249.34,96.32999999999998,44.16999999999999,1,1,1.0
150,6,0.0,393.9,52.14,146.10000000000002,1,1,1.0
150,8,0.0,290.52,138.43,58.49000000000001,1,1,1.0
150,9,659.0,225.7,116.25999999999999,76.56,1,1,1.0
150,10,806.74,435.39,149.78999999999996,95.80000000000007,1,1,1.0
151,2,208.93,249.34,96.32999999999998,44.16999999999999,1,1,1.0
151,6,0.0,408.0,21.13,132.0,1,1,1.0
151,8,0.0,292.95,119.32,58.49000000000001,1,1,1.0
151,9,654.64,226.43,116.25999999999999,76.55000000000001,1,1,1.0
151,10,812.41,430.36,147.59000000000003,95.79999999999995,1,1,1.0
152,2,208.93,249.34,96.32999999999998,44.16999999999999,1,1,1.0
152,8,0.0,294.47,101.72,58.48999999999995,1,1,1.0
152,9,644.45,226.43,116.25999999999999,76.55000000000001,1,1,1.0
152,10,819.96,427.22,140.03999999999996,95.79999999999995,1,1,1.0
153,2,208.93,249.34,96.32999999999998,44.16999999999999,1,1,1.0
153,8,0.0,296.59,85.34,58.49000000000001,1,1,1.0
153,9,636.44,226.43,116.25999999999999,76.55000000000001,1,1,1.0
153,10,826.87,424.07,133.13,95.80000000000001,1,1,1.0
154,2,208.93,249.34,96.32999999999998,44.16999999999999,1,1,1.0
154,8,0.0,295.38,67.14,58.49000000000001,1,1,1.0
154,9,626.98,229.34,116.25999999999999,76.54999999999998,1,1,1.0
154,10,844.49,416.52,115.50999999999999,95.80000000000007,1,1,1.0
155,2,208.93,249.34,96.32999999999998,44.16999999999999,1,1,1.0
155,8,0.0,296.89,49.24,58.5,1,1,1.0
155,9,617.52,228.61,116.25999999999999,76.56,1,1,1.0
155,10,853.92,410.23,106.08000000000004,95.79999999999995,1,1,1.0
156,2,208.93,249.34,96.32999999999998,44.16999999999999,1,1,1.0
156,8,0.0,298.41,30.43,58.48999999999995,1,1,1.0
156,9,609.51,229.34,116.25999999999999,76.54999999999998,1,1,1.0
156,10,862.73,406.46,97.26999999999998,95.80000000000001,1,1,1.0
157,2,208.93,249.34,96.32999999999998,44.16999999999999,1,1,1.0
157,8,0.0,299.32,12.54,58.49000000000001,1,1,1.0
157,9,594.22,224.97,125.73000000000002,82.39000000000001,1,1,1.0
157,10,868.39,406.46,91.61000000000001,95.80000000000001,1,1,1.0
158,2,208.93,249.34,96.32999999999998,44.16999999999999,1,1,1.0
158,9,585.48,224.97,125.73000000000002,82.39000000000001,1,1,1.0
158,10,875.94,403.94,84.05999999999995,95.80000000000001,1,1,1.0
159,2,208.93,249.34,96.32999999999998,44.16999999999999,1,1,1.0
159,9,576.75,225.7,125.73000000000002,82.38999999999999,1,1,1.0
159,10,882.23,399.54,77.76999999999998,95.79999999999995,1,1,1.0
160,2,208.93,249.34,96.32999999999998,44.16999999999999,1,1,1.0
160,9,567.29,224.97,125.73000000000002,82.39000000000001,1,1,1.0
160,10,886.0,392.62,74.0,95.80000000000001,1,1,1.0
161,2,208.93,249.34,96.32999999999998,44.16999999999999,1,1,1.0
161,9,558.55,226.43,125.74000000000001,82.38999999999999,1,1,1.0
161,10,896.07,386.33,63.92999999999995,95.80000000000001,1,1,1.0
162,2,208.93,249.34,96.32999999999998,44.16999999999999,1,1,1.0
162,9,548.36,229.34,125.74000000000001,82.39000000000001,1,1,0.0
162,10,902.36,380.67,57.639999999999986,95.80000000000001,1,1,1.0
163,2,208.93,249.34,96.32999999999998,44.16999999999999,1,1,1.0
163,9,540.36,229.34,125.73000000000002,82.39000000000001,1,1,0.0
163,10,909.28,381.3,50.72000000000003,95.80000000000001,1,1,1.0
164,2,208.93,249.34,96.32999999999998,44.16999999999999,1,1,1.0
164,9,530.9,229.34,125.73000000000002,82.39000000000001,1,1,0.0
164,10,914.31,380.67,45.690000000000055,95.80000000000001,1,1,1.0
165,2,208.93,249.34,96.32999999999998,44.16999999999999,1,1,1.0
165,9,517.8,229.34,125.73000000000002,82.39000000000001,1,1,0.0
165,10,924.38,375.63,35.620000000000005,95.80000000000001,1,1,1.0
166,2,208.93,249.34,96.32999999999998,44.16999999999999,1,1,1.0
166,9,506.88,232.25,125.73000000000002,82.38999999999999,1,1,0.0
166,10,928.78,369.97,31.220000000000027,95.79999999999995,1,1,1.0
167,2,208.93,249.34,96.32999999999998,44.16999999999999,1,1,1.0
167,9,495.96,229.3,133.74000000000007,84.61000000000001,1,1,0.0
167,10,928.8,373.7,31.200000000000045,77.60000000000002,1,1,1.0
168,2,208.93,249.34,96.32999999999998,44.16999999999999,1,1,1.0
168,9,478.49,230.75,133.74,84.62,1,1,0.0
168,10,936.35,370.55,23.649999999999977,77.59999999999997,1,1,1.0
169,2,208.93,249.34,96.32999999999998,44.16999999999999,1,1,1.0
169,9,469.03,230.03,133.74,84.60999999999999,1,1,0.0
169,10,944.53,369.93,15.470000000000027,77.59999999999997,1,1,1.0
170,2,208.93,249.34,96.32999999999998,44.16999999999999,1,1,1.0
170,9,458.12,227.84,133.73000000000002,84.61999999999998,1,1,0.0
170,10,950.82,370.55,9.17999999999995,77.59999999999997,1,1,1.0
171,2,208.93,249.34,96.32999999999998,44.16999999999999,1,1,1.0
171,9,445.01,231.48,133.74,84.62000000000003,1,1,0.0
171,10,954.0,370.55,6.0,74.44999999999999,1,1,1.0
172,2,208.93,249.34,96.32999999999998,44.16999999999999,1,1,1.0
172,9,435.55,234.39,133.73999999999995,84.62,1,1,0.0
173,2,208.93,249.34,96.32999999999998,44.16999999999999,1,1,1.0
173,9,423.91,235.85,133.73999999999995,84.60999999999999,1,1,0.0
174,2,208.93,249.34,96.32999999999998,44.16999999999999,1,1,1.0
174,9,412.99,235.85,133.74,84.60999999999999,1,1,0.0
175,2,208.93,249.34,96.32999999999998,44.16999999999999,1,1,1.0
175,9,402.8,236.58,133.73999999999995,84.60999999999999,1,1,0.0
176,2,208.93,249.34,96.32999999999998,44.16999999999999,1,1,1.0
176,9,388.97,236.58,140.25,84.60999999999999,1,1,1.0
177,2,208.93,249.34,96.32999999999998,44.16999999999999,1,1,1.0
177,9,378.78,236.58,140.25,84.60999999999999,1,1,0.0
178,2,208.93,249.34,96.32999999999998,44.16999999999999,1,1,1.0
178,9,364.96,237.31,140.24,84.61000000000001,1,1,0.0
179,2,208.93,249.34,96.32999999999998,44.16999999999999,1,1,1.0
179,9,346.76,235.86,148.96000000000004,84.59999999999997,1,1,0.0
180,2,208.93,249.34,96.32999999999998,44.16999999999999,1,1,1.0
180,9,338.03,236.59,148.96000000000004,84.6,1,1,0.0
181,2,208.93,249.34,96.32999999999998,44.16999999999999,1,1,1.0
181,9,329.29,236.59,148.95999999999998,84.6,1,1,0.0
182,2,208.93,249.34,96.32999999999998,44.16999999999999,1,1,1.0
182,9,316.19,238.05,148.95999999999998,84.59999999999997,1,1,0.0
183,2,208.93,249.34,96.32999999999998,44.16999999999999,1,1,1.0
183,9,304.55,238.77,148.95999999999998,84.60999999999999,1,1,0.0
184,2,208.93,249.34,96.32999999999998,44.16999999999999,1,1,1.0
184,9,294.36,240.23,148.95999999999998,84.6,1,1,0.0
185,2,208.93,249.34,96.32999999999998,44.16999999999999,1,1,0.0
185,9,281.26,240.23,148.96000000000004,84.6,1,1,0.0
186,2,208.93,249.34,96.32999999999998,44.16999999999999,1,1,0.0
186,9,273.25,240.23,148.95999999999998,84.6,1,1,0.0
187,2,208.93,249.34,96.32999999999998,44.16999999999999,1,1,0.0
187,9,263.06,239.5,148.95999999999998,84.60000000000002,1,1,0.0
188,2,208.93,249.34,96.32999999999998,44.16999999999999,1,1,0.0
188,9,250.69,240.96,148.95999999999998,84.6,1,1,0.0
189,2,208.93,249.34,96.32999999999998,44.16999999999999,1,1,0.0
189,9,239.77,244.6,148.96,84.6,1,1,0.0
190,2,208.93,249.34,96.32999999999998,44.16999999999999,1,1,0.0
190,9,225.94,244.6,148.95999999999998,84.6,1,1,0.0
